0.000000e+000 2.882435e-082
6.835938e-001 7.105549e-082
1.367188e+000 4.397966e-081
2.050781e+000 3.229885e-080
2.734375e+000 2.406129e-079
3.417969e+000 1.777728e-078
4.101563e+000 1.298674e-077
4.785156e+000 9.376947e-077
5.468750e+000 6.691924e-076
6.152344e+000 4.720582e-075
6.835938e+000 3.291743e-074
7.519531e+000 2.269215e-073
8.203125e+000 1.546603e-072
8.886719e+000 1.042249e-071
9.570313e+000 6.945284e-071
1.025391e+001 4.576908e-070
1.093750e+001 2.983023e-069
1.162109e+001 1.923014e-068
1.230469e+001 1.226281e-067
1.298828e+001 7.736052e-067
1.367188e+001 4.828495e-066
1.435547e+001 2.982005e-065
1.503906e+001 1.822428e-064
1.572266e+001 1.102248e-063
1.640625e+001 6.598365e-063
1.708984e+001 3.909871e-062
1.777344e+001 2.293498e-061
1.845703e+001 1.331938e-060
1.914063e+001 7.658778e-060
1.982422e+001 4.360769e-059
2.050781e+001 2.458857e-058
2.119141e+001 1.373115e-057
2.187500e+001 7.594873e-057
2.255859e+001 4.161108e-056
2.324219e+001 2.258429e-055
2.392578e+001 1.214355e-054
2.460938e+001 6.469313e-054
2.529297e+001 3.414872e-053
2.597656e+001 1.786172e-052
2.666016e+001 9.258330e-052
2.734375e+001 4.755858e-051
2.802734e+001 2.421234e-050
2.871094e+001 1.221744e-049
2.939453e+001 6.110567e-049
3.007813e+001 3.029435e-048
3.076172e+001 1.488814e-047
3.144531e+001 7.253311e-047
3.212891e+001 3.503212e-046
3.281250e+001 1.677440e-045
3.349609e+001 7.963286e-045
3.417969e+001 3.748145e-044
3.486328e+001 1.749167e-043
3.554688e+001 8.093731e-043
3.623047e+001 3.713460e-042
3.691406e+001 1.689393e-041
3.759766e+001 7.621004e-041
3.828125e+001 3.409030e-040
3.896484e+001 1.512141e-039
3.964844e+001 6.651235e-039
4.033203e+001 2.901110e-038
4.101563e+001 1.254820e-037
4.169922e+001 5.382155e-037
4.238281e+001 2.289230e-036
4.306641e+001 9.655645e-036
4.375000e+001 4.038602e-035
4.443359e+001 1.675084e-034
4.511719e+001 6.889611e-034
4.580078e+001 2.809969e-033
4.648438e+001 1.136453e-032
4.716797e+001 4.557623e-032
4.785156e+001 1.812400e-031
4.853516e+001 7.146433e-031
4.921875e+001 2.794047e-030
4.990234e+001 1.083116e-029
5.058594e+001 4.162930e-029
5.126953e+001 1.586319e-028
5.195313e+001 5.992831e-028
5.263672e+001 2.244418e-027
5.332031e+001 8.332667e-027
5.400391e+001 3.066539e-026
5.468750e+001 1.118589e-025
5.537109e+001 4.044086e-025
5.605469e+001 1.448991e-024
5.673828e+001 5.144819e-024
5.742188e+001 1.810066e-023
5.810547e+001 6.309503e-023
5.878906e+001 2.178838e-022
5.947266e+001 7.453008e-022
6.015625e+001 2.524985e-021
6.083984e+001 8.471183e-021
6.152344e+001 2.813976e-020
6.220703e+001 9.253672e-020
6.289063e+001 3.011938e-019
6.357422e+001 9.701295e-019
6.425781e+001 3.091520e-018
6.494141e+001 9.744784e-018
6.562500e+001 3.037541e-017
6.630859e+001 9.360629e-017
6.699219e+001 2.850992e-016
6.767578e+001 8.579486e-016
6.835938e+001 2.550102e-015
6.904297e+001 7.483981e-015
6.972656e+001 2.167825e-014
7.041016e+001 6.195264e-014
7.109375e+001 1.746051e-013
7.177734e+001 4.850898e-013
7.246094e+001 1.327856e-012
7.314453e+001 3.579548e-012
7.382813e+001 9.497871e-012
7.451172e+001 2.479168e-011
7.519531e+001 6.362324e-011
7.587891e+001 1.604319e-010
7.656250e+001 3.972393e-010
7.724609e+001 9.651776e-010
7.792969e+001 2.299572e-009
7.861328e+001 5.368422e-009
7.929688e+001 1.227051e-008
7.998047e+001 2.743668e-008
8.066406e+001 5.996101e-008
8.134766e+001 1.279575e-007
8.203125e+001 2.663712e-007
8.271484e+001 5.403435e-007
8.339844e+001 1.066890e-006
8.408203e+001 2.047912e-006
8.476563e+001 3.816725e-006
8.544922e+001 6.897345e-006
8.613281e+001 1.206973e-005
8.681641e+001 2.042504e-005
8.750000e+001 3.338476e-005
8.818359e+001 5.265190e-005
8.886719e+001 8.006908e-005
8.955078e+001 1.173832e-004
9.023438e+001 1.659564e-004
9.091797e+001 2.264998e-004
9.160156e+001 2.989179e-004
9.228516e+001 3.823189e-004
9.296875e+001 4.751888e-004
9.365234e+001 5.756665e-004
9.433594e+001 6.818334e-004
9.501953e+001 7.919430e-004
9.570313e+001 9.045572e-004
9.638672e+001 1.018590e-003
9.707031e+001 1.133285e-003
9.775391e+001 1.248156e-003
9.843750e+001 1.362917e-003
9.912109e+001 1.477420e-003
9.980469e+001 1.591599e-003
1.004883e+002 1.705439e-003
1.011719e+002 1.818945e-003
1.018555e+002 1.932135e-003
1.025391e+002 2.045023e-003
1.032227e+002 2.157622e-003
1.039063e+002 2.269937e-003
1.045898e+002 2.381971e-003
1.052734e+002 2.493720e-003
1.059570e+002 2.605176e-003
1.066406e+002 2.716328e-003
1.073242e+002 2.827164e-003
1.080078e+002 2.937667e-003
1.086914e+002 3.047822e-003
1.093750e+002 3.157609e-003
1.100586e+002 3.267011e-003
1.107422e+002 3.376008e-003
1.114258e+002 3.484580e-003
1.121094e+002 3.592707e-003
1.127930e+002 3.700368e-003
1.134766e+002 3.807544e-003
1.141602e+002 3.914214e-003
1.148438e+002 4.020356e-003
1.155273e+002 4.125950e-003
1.162109e+002 4.230976e-003
1.168945e+002 4.335413e-003
1.175781e+002 4.439241e-003
1.182617e+002 4.542439e-003
1.189453e+002 4.644987e-003
1.196289e+002 4.746864e-003
1.203125e+002 4.848051e-003
1.209961e+002 4.948529e-003
1.216797e+002 5.048276e-003
1.223633e+002 5.147275e-003
1.230469e+002 5.245505e-003
1.237305e+002 5.342949e-003
1.244141e+002 5.439583e-003
1.250977e+002 5.535394e-003
1.257813e+002 5.630361e-003
1.264648e+002 5.724465e-003
1.271484e+002 5.817688e-003
1.278320e+002 5.910014e-003
1.285156e+002 6.001422e-003
1.291992e+002 6.091899e-003
1.298828e+002 6.181423e-003
1.305664e+002 6.269979e-003
1.312500e+002 6.357550e-003
1.319336e+002 6.444120e-003
1.326172e+002 6.529671e-003
1.333008e+002 6.614189e-003
1.339844e+002 6.697657e-003
1.346680e+002 6.780058e-003
1.353516e+002 6.861379e-003
1.360352e+002 6.941602e-003
1.367188e+002 7.020715e-003
1.374023e+002 7.098701e-003
1.380859e+002 7.175547e-003
1.387695e+002 7.251237e-003
1.394531e+002 7.325758e-003
1.401367e+002 7.399097e-003
1.408203e+002 7.471238e-003
1.415039e+002 7.542171e-003
1.421875e+002 7.611881e-003
1.428711e+002 7.680356e-003
1.435547e+002 7.747582e-003
1.442383e+002 7.813549e-003
1.449219e+002 7.878243e-003
1.456055e+002 7.941653e-003
1.462891e+002 8.003768e-003
1.469727e+002 8.064576e-003
1.476563e+002 8.124065e-003
1.483398e+002 8.182228e-003
1.490234e+002 8.239051e-003
1.497070e+002 8.294523e-003
1.503906e+002 8.348639e-003
1.510742e+002 8.401384e-003
1.517578e+002 8.452751e-003
1.524414e+002 8.502732e-003
1.531250e+002 8.551314e-003
1.538086e+002 8.598493e-003
1.544922e+002 8.644258e-003
1.551758e+002 8.688602e-003
1.558594e+002 8.731515e-003
1.565430e+002 8.772992e-003
1.572266e+002 8.813025e-003
1.579102e+002 8.851606e-003
1.585938e+002 8.888728e-003
1.592773e+002 8.924386e-003
1.599609e+002 8.958573e-003
1.606445e+002 8.991281e-003
1.613281e+002 9.022508e-003
1.620117e+002 9.052247e-003
1.626953e+002 9.080491e-003
1.633789e+002 9.107238e-003
1.640625e+002 9.132480e-003
1.647461e+002 9.156215e-003
1.654297e+002 9.178438e-003
1.661133e+002 9.199146e-003
1.667969e+002 9.218333e-003
1.674805e+002 9.235999e-003
1.681641e+002 9.252139e-003
1.688477e+002 9.266750e-003
1.695313e+002 9.279830e-003
1.702148e+002 9.291376e-003
1.708984e+002 9.301387e-003
1.715820e+002 9.309861e-003
1.722656e+002 9.316796e-003
1.729492e+002 9.322191e-003
1.736328e+002 9.326046e-003
1.743164e+002 9.328359e-003
1.750000e+002 9.329129e-003
1.756836e+002 9.328359e-003
1.763672e+002 9.326046e-003
1.770508e+002 9.322191e-003
1.777344e+002 9.316796e-003
1.784180e+002 9.309861e-003
1.791016e+002 9.301387e-003
1.797852e+002 9.291376e-003
1.804688e+002 9.279830e-003
1.811523e+002 9.266750e-003
1.818359e+002 9.252139e-003
1.825195e+002 9.235999e-003
1.832031e+002 9.218333e-003
1.838867e+002 9.199146e-003
1.845703e+002 9.178438e-003
1.852539e+002 9.156215e-003
1.859375e+002 9.132480e-003
1.866211e+002 9.107238e-003
1.873047e+002 9.080491e-003
1.879883e+002 9.052247e-003
1.886719e+002 9.022508e-003
1.893555e+002 8.991281e-003
1.900391e+002 8.958573e-003
1.907227e+002 8.924386e-003
1.914063e+002 8.888728e-003
1.920898e+002 8.851606e-003
1.927734e+002 8.813025e-003
1.934570e+002 8.772992e-003
1.941406e+002 8.731515e-003
1.948242e+002 8.688602e-003
1.955078e+002 8.644258e-003
1.961914e+002 8.598493e-003
1.968750e+002 8.551314e-003
1.975586e+002 8.502732e-003
1.982422e+002 8.452751e-003
1.989258e+002 8.401384e-003
1.996094e+002 8.348639e-003
2.002930e+002 8.294523e-003
2.009766e+002 8.239051e-003
2.016602e+002 8.182228e-003
2.023438e+002 8.124065e-003
2.030273e+002 8.064576e-003
2.037109e+002 8.003768e-003
2.043945e+002 7.941653e-003
2.050781e+002 7.878243e-003
2.057617e+002 7.813549e-003
2.064453e+002 7.747582e-003
2.071289e+002 7.680356e-003
2.078125e+002 7.611881e-003
2.084961e+002 7.542171e-003
2.091797e+002 7.471238e-003
2.098633e+002 7.399097e-003
2.105469e+002 7.325758e-003
2.112305e+002 7.251237e-003
2.119141e+002 7.175547e-003
2.125977e+002 7.098701e-003
2.132813e+002 7.020715e-003
2.139648e+002 6.941602e-003
2.146484e+002 6.861379e-003
2.153320e+002 6.780058e-003
2.160156e+002 6.697657e-003
2.166992e+002 6.614189e-003
2.173828e+002 6.529671e-003
2.180664e+002 6.444120e-003
2.187500e+002 6.357550e-003
2.194336e+002 6.269979e-003
2.201172e+002 6.181423e-003
2.208008e+002 6.091899e-003
2.214844e+002 6.001422e-003
2.221680e+002 5.910014e-003
2.228516e+002 5.817688e-003
2.235352e+002 5.724465e-003
2.242188e+002 5.630361e-003
2.249023e+002 5.535394e-003
2.255859e+002 5.439583e-003
2.262695e+002 5.342949e-003
2.269531e+002 5.245505e-003
2.276367e+002 5.147275e-003
2.283203e+002 5.048276e-003
2.290039e+002 4.948529e-003
2.296875e+002 4.848051e-003
2.303711e+002 4.746864e-003
2.310547e+002 4.644987e-003
2.317383e+002 4.542439e-003
2.324219e+002 4.439241e-003
2.331055e+002 4.335413e-003
2.337891e+002 4.230976e-003
2.344727e+002 4.125950e-003
2.351563e+002 4.020356e-003
2.358398e+002 3.914214e-003
2.365234e+002 3.807544e-003
2.372070e+002 3.700368e-003
2.378906e+002 3.592707e-003
2.385742e+002 3.484580e-003
2.392578e+002 3.376008e-003
2.399414e+002 3.267011e-003
2.406250e+002 3.157609e-003
2.413086e+002 3.047822e-003
2.419922e+002 2.937667e-003
2.426758e+002 2.827164e-003
2.433594e+002 2.716328e-003
2.440430e+002 2.605176e-003
2.447266e+002 2.493720e-003
2.454102e+002 2.381971e-003
2.460938e+002 2.269937e-003
2.467773e+002 2.157622e-003
2.474609e+002 2.045023e-003
2.481445e+002 1.932135e-003
2.488281e+002 1.818945e-003
2.495117e+002 1.705439e-003
2.501953e+002 1.591599e-003
2.508789e+002 1.477420e-003
2.515625e+002 1.362917e-003
2.522461e+002 1.248156e-003
2.529297e+002 1.133285e-003
2.536133e+002 1.018590e-003
2.542969e+002 9.045572e-004
2.549805e+002 7.919430e-004
2.556641e+002 6.818334e-004
2.563477e+002 5.756665e-004
2.570313e+002 4.751888e-004
2.577148e+002 3.823189e-004
2.583984e+002 2.989179e-004
2.590820e+002 2.264998e-004
2.597656e+002 1.659564e-004
2.604492e+002 1.173832e-004
2.611328e+002 8.006908e-005
2.618164e+002 5.265190e-005
2.625000e+002 3.338476e-005
2.631836e+002 2.042504e-005
2.638672e+002 1.206973e-005
2.645508e+002 6.897345e-006
2.652344e+002 3.816725e-006
2.659180e+002 2.047912e-006
2.666016e+002 1.066890e-006
2.672852e+002 5.403435e-007
2.679688e+002 2.663712e-007
2.686523e+002 1.279575e-007
2.693359e+002 5.996101e-008
2.700195e+002 2.743668e-008
2.707031e+002 1.227051e-008
2.713867e+002 5.368422e-009
2.720703e+002 2.299572e-009
2.727539e+002 9.651776e-010
2.734375e+002 3.972393e-010
2.741211e+002 1.604319e-010
2.748047e+002 6.362324e-011
2.754883e+002 2.479168e-011
2.761719e+002 9.497871e-012
2.768555e+002 3.579548e-012
2.775391e+002 1.327856e-012
2.782227e+002 4.850898e-013
2.789063e+002 1.746051e-013
2.795898e+002 6.195264e-014
2.802734e+002 2.167825e-014
2.809570e+002 7.483981e-015
2.816406e+002 2.550102e-015
2.823242e+002 8.579486e-016
2.830078e+002 2.850992e-016
2.836914e+002 9.360629e-017
2.843750e+002 3.037541e-017
2.850586e+002 9.744784e-018
2.857422e+002 3.091520e-018
2.864258e+002 9.701295e-019
2.871094e+002 3.011938e-019
2.877930e+002 9.253672e-020
2.884766e+002 2.813976e-020
2.891602e+002 8.471183e-021
2.898438e+002 2.524985e-021
2.905273e+002 7.453008e-022
2.912109e+002 2.178838e-022
2.918945e+002 6.309503e-023
2.925781e+002 1.810066e-023
2.932617e+002 5.144819e-024
2.939453e+002 1.448991e-024
2.946289e+002 4.044086e-025
2.953125e+002 1.118589e-025
2.959961e+002 3.066539e-026
2.966797e+002 8.332667e-027
2.973633e+002 2.244418e-027
2.980469e+002 5.992831e-028
2.987305e+002 1.586319e-028
2.994141e+002 4.162930e-029
3.000977e+002 1.083116e-029
3.007813e+002 2.794047e-030
3.014648e+002 7.146433e-031
3.021484e+002 1.812400e-031
3.028320e+002 4.557623e-032
3.035156e+002 1.136453e-032
3.041992e+002 2.809969e-033
3.048828e+002 6.889611e-034
3.055664e+002 1.675084e-034
3.062500e+002 4.038602e-035
3.069336e+002 9.655645e-036
3.076172e+002 2.289230e-036
3.083008e+002 5.382155e-037
3.089844e+002 1.254820e-037
3.096680e+002 2.901110e-038
3.103516e+002 6.651235e-039
3.110352e+002 1.512141e-039
3.117188e+002 3.409030e-040
3.124023e+002 7.621004e-041
3.130859e+002 1.689393e-041
3.137695e+002 3.713460e-042
3.144531e+002 8.093731e-043
3.151367e+002 1.749167e-043
3.158203e+002 3.748145e-044
3.165039e+002 7.963286e-045
3.171875e+002 1.677440e-045
3.178711e+002 3.503212e-046
3.185547e+002 7.253311e-047
3.192383e+002 1.488814e-047
3.199219e+002 3.029435e-048
3.206055e+002 6.110567e-049
3.212891e+002 1.221744e-049
3.219727e+002 2.421234e-050
3.226563e+002 4.755858e-051
3.233398e+002 9.258330e-052
3.240234e+002 1.786172e-052
3.247070e+002 3.414872e-053
3.253906e+002 6.469313e-054
3.260742e+002 1.214355e-054
3.267578e+002 2.258429e-055
3.274414e+002 4.161108e-056
3.281250e+002 7.594873e-057
3.288086e+002 1.373115e-057
3.294922e+002 2.458857e-058
3.301758e+002 4.360769e-059
3.308594e+002 7.658778e-060
3.315430e+002 1.331938e-060
3.322266e+002 2.293498e-061
3.329102e+002 3.909871e-062
3.335938e+002 6.598365e-063
3.342773e+002 1.102248e-063
3.349609e+002 1.822428e-064
3.356445e+002 2.982005e-065
3.363281e+002 4.828495e-066
3.370117e+002 7.736052e-067
3.376953e+002 1.226281e-067
3.383789e+002 1.923014e-068
3.390625e+002 2.983023e-069
3.397461e+002 4.576908e-070
3.404297e+002 6.945284e-071
3.411133e+002 1.042249e-071
3.417969e+002 1.546603e-072
3.424805e+002 2.269215e-073
3.431641e+002 3.291743e-074
3.438477e+002 4.720582e-075
3.445313e+002 6.691924e-076
3.452148e+002 9.376947e-077
3.458984e+002 1.298674e-077
3.465820e+002 1.777728e-078
3.472656e+002 2.406129e-079
3.479492e+002 3.229885e-080
3.486328e+002 4.397966e-081
3.493164e+002 7.105549e-082
