0.000000e+000 1.101952e-002
2.857143e-001 1.117534e-002
5.714286e-001 1.158315e-002
8.571429e-001 1.207412e-002
1.142857e+000 1.247906e-002
1.428571e+000 1.267252e-002
1.714286e+000 1.258269e-002
2.000000e+000 1.219852e-002
2.285714e+000 1.157608e-002
2.571429e+000 1.084394e-002
2.857143e+000 1.020602e-002
3.142857e+000 9.926995e-003
3.428571e+000 1.021634e-002
3.714286e+000 1.101148e-002
4.000000e+000 1.199837e-002
4.285714e+000 1.284636e-002
4.571429e+000 1.332371e-002
4.857143e+000 1.330564e-002
5.142857e+000 1.277451e-002
5.428571e+000 1.182618e-002
5.714286e+000 1.067996e-002
6.000000e+000 9.675282e-003
6.285714e+000 9.208641e-003
6.571429e+000 9.547288e-003
6.857143e+000 1.057357e-002
7.142857e+000 1.182415e-002
7.428571e+000 1.283273e-002
7.714286e+000 1.330866e-002
8.000000e+000 1.312669e-002
8.285714e+000 1.229675e-002
8.571429e+000 1.095798e-002
8.857143e+000 9.395643e-003
9.142857e+000 8.058874e-003
9.428571e+000 7.469061e-003
9.714286e+000 7.911960e-003
1.000000e+001 9.176605e-003
1.028571e+001 1.071638e-002
1.057143e+001 1.202204e-002
1.085714e+001 1.277246e-002
1.114286e+001 1.280906e-002
1.142857e+001 1.210279e-002
1.171429e+001 1.075571e-002
1.200000e+001 9.047318e-003
1.228571e+001 7.525258e-003
1.257143e+001 6.939111e-003
1.285714e+001 7.687019e-003
1.314286e+001 9.407437e-003
1.342857e+001 1.138525e-002
1.371429e+001 1.302488e-002
1.400000e+001 1.396154e-002
1.428571e+001 1.401594e-002
1.457143e+001 1.315698e-002
1.485714e+001 1.149782e-002
1.514286e+001 9.346373e-003
1.542857e+001 7.364687e-003
1.571429e+001 6.575865e-003
1.600000e+001 7.461852e-003
1.628571e+001 9.374488e-003
1.657143e+001 1.145359e-002
1.685714e+001 1.312397e-002
1.714286e+001 1.406076e-002
1.742857e+001 1.411128e-002
1.771429e+001 1.325634e-002
1.800000e+001 1.160659e-002
1.828571e+001 9.447627e-003
1.857143e+001 7.416810e-003
1.885714e+001 6.596226e-003
1.914286e+001 7.513017e-003
1.942857e+001 9.454387e-003
1.971429e+001 1.153201e-002
2.000000e+001 1.319531e-002
2.028571e+001 1.413205e-002
2.057143e+001 1.419237e-002
2.085714e+001 1.335872e-002
2.114286e+001 1.174114e-002
2.142857e+001 9.607122e-003
2.171429e+001 7.535094e-003
2.200000e+001 6.619831e-003
2.228571e+001 7.549114e-003
2.257143e+001 9.618428e-003
2.285714e+001 1.186409e-002
2.314286e+001 1.371840e-002
2.342857e+001 1.485500e-002
2.371429e+001 1.509543e-002
2.400000e+001 1.439063e-002
2.428571e+001 1.282777e-002
2.457143e+001 1.066524e-002
2.485714e+001 8.468520e-003
2.514286e+001 7.370785e-003
2.542857e+001 8.250985e-003
2.571429e+001 1.037806e-002
2.600000e+001 1.260784e-002
2.628571e+001 1.431646e-002
2.657143e+001 1.520668e-002
2.685714e+001 1.515981e-002
2.714286e+001 1.419419e-002
2.742857e+001 1.245859e-002
2.771429e+001 1.024998e-002
2.800000e+001 8.095298e-003
2.828571e+001 6.949366e-003
2.857143e+001 7.693055e-003
2.885714e+001 9.780715e-003
2.914286e+001 1.208893e-002
2.942857e+001 1.396151e-002
2.971429e+001 1.506793e-002
3.000000e+001 1.524851e-002
3.028571e+001 1.448009e-002
3.057143e+001 1.288142e-002
3.085714e+001 1.074410e-002
3.114286e+001 8.608608e-003
3.142857e+001 7.385044e-003
3.171429e+001 7.962649e-003
3.200000e+001 9.945965e-003
3.228571e+001 1.216054e-002
3.257143e+001 1.388584e-002
3.285714e+001 1.479930e-002
3.314286e+001 1.478430e-002
3.342857e+001 1.386689e-002
3.371429e+001 1.220380e-002
3.400000e+001 1.010511e-002
3.428571e+001 8.101604e-003
3.457143e+001 7.013130e-003
3.485714e+001 7.623139e-003
3.514286e+001 9.726812e-003
3.542857e+001 1.227199e-002
3.571429e+001 1.444729e-002
3.600000e+001 1.582030e-002
3.628571e+001 1.616589e-002
3.657143e+001 1.542605e-002
3.685714e+001 1.371820e-002
3.714286e+001 1.138087e-002
3.742857e+001 9.060396e-003
3.771429e+001 7.701448e-003
3.800000e+001 8.021896e-003
3.828571e+001 9.713354e-003
3.857143e+001 1.173395e-002
3.885714e+001 1.329170e-002
3.914286e+001 1.404439e-002
3.942857e+001 1.389662e-002
3.971429e+001 1.289506e-002
4.000000e+001 1.120337e-002
4.028571e+001 9.124932e-003
4.057143e+001 7.202172e-003
4.085714e+001 6.258304e-003
4.114286e+001 6.912478e-003
4.142857e+001 8.940862e-003
4.171429e+001 1.153630e-002
4.200000e+001 1.394688e-002
4.228571e+001 1.566782e-002
4.257143e+001 1.639246e-002
4.285714e+001 1.597607e-002
4.314286e+001 1.445817e-002
4.342857e+001 1.212643e-002
4.371429e+001 9.676445e-003
4.400000e+001 8.247803e-003
4.428571e+001 8.549031e-003
4.457143e+001 1.006741e-002
4.485714e+001 1.182350e-002
4.514286e+001 1.314218e-002
4.542857e+001 1.370623e-002
4.571429e+001 1.343386e-002
4.600000e+001 1.238735e-002
4.628571e+001 1.072380e-002
4.657143e+001 8.703313e-003
4.685714e+001 6.789628e-003
4.714286e+001 5.793550e-003
4.742857e+001 6.319175e-003
4.771429e+001 8.027681e-003
4.800000e+001 1.021095e-002
4.828571e+001 1.231340e-002
4.857143e+001 1.394531e-002
4.885714e+001 1.483185e-002
4.914286e+001 1.478670e-002
4.942857e+001 1.375526e-002
4.971429e+001 1.189751e-002
5.000000e+001 9.719919e-003
5.028571e+001 8.282115e-003
5.057143e+001 8.520997e-003
5.085714e+001 9.917045e-003
5.114286e+001 1.140567e-002
5.142857e+001 1.238009e-002
5.171429e+001 1.264676e-002
5.200000e+001 1.224381e-002
5.228571e+001 1.127920e-002
5.257143e+001 9.873156e-003
5.285714e+001 8.203338e-003
5.314286e+001 6.586318e-003
5.342857e+001 5.655619e-003
5.371429e+001 6.065199e-003
5.400000e+001 7.462624e-003
5.428571e+001 9.074150e-003
5.457143e+001 1.048932e-002
5.485714e+001 1.151779e-002
5.514286e+001 1.206142e-002
5.542857e+001 1.208877e-002
5.571429e+001 1.156628e-002
5.600000e+001 1.049550e-002
5.628571e+001 9.158595e-003
5.657143e+001 8.292206e-003
5.685714e+001 8.703165e-003
5.714286e+001 1.012549e-002
5.742857e+001 1.156490e-002
5.771429e+001 1.245762e-002
5.800000e+001 1.265742e-002
5.828571e+001 1.224090e-002
5.857143e+001 1.134808e-002
5.885714e+001 1.008971e-002
5.914286e+001 8.631504e-003
5.942857e+001 7.276447e-003
5.971429e+001 6.496158e-003
6.000000e+001 6.733406e-003
6.028571e+001 7.755696e-003
6.057143e+001 8.812934e-003
6.085714e+001 9.483622e-003
6.114286e+001 9.743092e-003
6.142857e+001 9.700087e-003
6.171429e+001 9.413666e-003
6.200000e+001 8.888690e-003
6.228571e+001 8.170367e-003
6.257143e+001 7.483835e-003
6.285714e+001 7.353885e-003
6.314286e+001 8.259278e-003
6.342857e+001 9.952593e-003
6.371429e+001 1.165227e-002
6.400000e+001 1.282070e-002
6.428571e+001 1.331608e-002
6.457143e+001 1.317497e-002
6.485714e+001 1.245397e-002
6.514286e+001 1.119108e-002
6.542857e+001 9.559412e-003
6.571429e+001 8.057070e-003
6.600000e+001 7.353674e-003
6.628571e+001 7.702064e-003
6.657143e+001 8.655326e-003
6.685714e+001 9.620213e-003
6.714286e+001 1.029496e-002
6.742857e+001 1.057496e-002
6.771429e+001 1.048539e-002
6.800000e+001 1.009902e-002
6.828571e+001 9.329285e-003
6.857143e+001 8.102317e-003
6.885714e+001 6.863710e-003
6.914286e+001 6.473239e-003
6.942857e+001 7.351506e-003
6.971429e+001 9.143938e-003
7.000000e+001 1.121697e-002
7.028571e+001 1.303909e-002
7.057143e+001 1.427013e-002
7.085714e+001 1.469340e-002
7.114286e+001 1.413954e-002
7.142857e+001 1.258454e-002
7.171429e+001 1.030853e-002
7.200000e+001 8.131416e-003
7.228571e+001 7.216717e-003
7.257143e+001 7.770422e-003
7.285714e+001 9.002849e-003
7.314286e+001 1.018327e-002
7.342857e+001 1.097735e-002
7.371429e+001 1.132014e-002
7.400000e+001 1.112927e-002
7.428571e+001 1.030493e-002
7.457143e+001 8.958109e-003
7.485714e+001 7.356559e-003
7.514286e+001 5.861735e-003
7.542857e+001 5.294671e-003
7.571429e+001 6.372351e-003
7.600000e+001 8.756436e-003
7.628571e+001 1.169157e-002
7.657143e+001 1.436658e-002
7.685714e+001 1.619992e-002
7.714286e+001 1.691886e-002
7.742857e+001 1.630107e-002
7.771429e+001 1.434246e-002
7.800000e+001 1.149863e-002
7.828571e+001 8.628385e-003
7.857143e+001 7.238711e-003
7.885714e+001 7.844138e-003
7.914286e+001 9.199643e-003
7.942857e+001 1.028036e-002
7.971429e+001 1.065410e-002
8.000000e+001 1.032587e-002
8.028571e+001 9.442880e-003
8.057143e+001 8.113142e-003
8.085714e+001 6.630037e-003
8.114286e+001 5.395300e-003
8.142857e+001 4.617594e-003
8.171429e+001 4.565662e-003
8.200000e+001 5.643733e-003
8.228571e+001 7.841631e-003
8.257143e+001 1.066118e-002
8.285714e+001 1.350266e-002
8.314286e+001 1.574259e-002
8.342857e+001 1.687601e-002
8.371429e+001 1.672284e-002
8.400000e+001 1.536992e-002
8.428571e+001 1.313315e-002
8.457143e+001 1.059748e-002
8.485714e+001 8.610250e-003
8.514286e+001 8.192176e-003
8.542857e+001 8.745815e-003
8.571429e+001 8.991203e-003
8.600000e+001 8.717878e-003
8.628571e+001 8.138417e-003
8.657143e+001 7.339328e-003
8.685714e+001 6.419009e-003
8.714286e+001 5.566725e-003
8.742857e+001 4.868771e-003
8.771429e+001 4.432154e-003
8.800000e+001 4.486353e-003
8.828571e+001 5.228010e-003
8.857143e+001 6.462329e-003
8.885714e+001 7.827720e-003
8.914286e+001 9.093689e-003
8.942857e+001 1.026639e-002
8.971429e+001 1.128157e-002
9.000000e+001 1.178714e-002
9.028571e+001 1.163087e-002
9.057143e+001 1.102650e-002
9.085714e+001 1.016234e-002
9.114286e+001 9.288387e-003
9.142857e+001 8.951382e-003
9.171429e+001 9.193645e-003
9.200000e+001 9.281046e-003
9.228571e+001 9.005730e-003
9.257143e+001 8.632503e-003
9.285714e+001 8.328978e-003
9.314286e+001 7.856555e-003
9.342857e+001 7.061226e-003
9.371429e+001 6.188998e-003
9.400000e+001 5.350784e-003
9.428571e+001 4.626836e-003
9.457143e+001 4.462487e-003
9.485714e+001 4.938892e-003
9.514286e+001 5.661958e-003
9.542857e+001 6.566579e-003
9.571429e+001 7.600918e-003
9.600000e+001 8.508178e-003
9.628571e+001 9.211901e-003
9.657143e+001 9.442668e-003
9.685714e+001 8.979444e-003
9.714286e+001 8.251281e-003
9.742857e+001 7.877201e-003
9.771429e+001 7.953836e-003
9.800000e+001 8.244699e-003
9.828571e+001 8.774304e-003
9.857143e+001 9.172438e-003
9.885714e+001 8.947451e-003
9.914286e+001 8.199719e-003
9.942857e+001 7.397993e-003
9.971429e+001 6.578987e-003
1.000000e+002 5.604812e-003
1.002857e+002 4.874502e-003
1.005714e+002 4.492107e-003
1.008571e+002 4.303268e-003
1.011429e+002 4.635303e-003
1.014286e+002 5.666448e-003
1.017143e+002 6.904486e-003
1.020000e+002 7.918725e-003
1.022857e+002 8.473801e-003
1.025714e+002 8.408298e-003
1.028571e+002 7.876444e-003
1.031429e+002 7.240475e-003
1.034286e+002 6.916463e-003
1.037143e+002 6.970584e-003
1.040000e+002 7.201411e-003
1.042857e+002 7.656923e-003
1.045714e+002 8.142952e-003
1.048571e+002 8.267786e-003
1.051429e+002 8.026385e-003
1.054286e+002 7.601226e-003
1.057143e+002 6.854581e-003
1.060000e+002 5.934515e-003
1.062857e+002 5.446729e-003
1.065714e+002 5.354518e-003
1.068571e+002 5.307762e-003
1.071429e+002 5.261813e-003
1.074286e+002 5.579047e-003
1.077143e+002 6.383715e-003
1.080000e+002 6.965349e-003
1.082857e+002 7.265697e-003
1.085714e+002 7.791748e-003
1.088571e+002 8.013007e-003
1.091429e+002 7.643897e-003
1.094286e+002 7.657595e-003
1.097143e+002 8.257481e-003
1.100000e+002 8.479154e-003
1.102857e+002 8.506703e-003
1.105714e+002 8.995646e-003
1.108571e+002 9.542021e-003
1.111429e+002 9.553872e-003
1.114286e+002 9.287802e-003
1.117143e+002 9.071962e-003
1.120000e+002 8.478927e-003
1.122857e+002 7.493538e-003
1.125714e+002 6.784113e-003
1.128571e+002 6.258404e-003
1.131429e+002 5.427480e-003
1.134286e+002 4.928797e-003
1.137143e+002 5.390121e-003
1.140000e+002 5.774539e-003
1.142857e+002 5.796049e-003
1.145714e+002 6.277630e-003
1.148571e+002 6.900536e-003
1.151429e+002 6.824108e-003
1.154286e+002 6.763309e-003
1.157143e+002 7.478032e-003
1.160000e+002 8.122696e-003
1.162857e+002 8.264403e-003
1.165714e+002 8.976450e-003
1.168571e+002 1.023291e-002
1.171429e+002 1.065476e-002
1.174286e+002 1.048191e-002
1.177143e+002 1.075081e-002
1.180000e+002 1.053985e-002
1.182857e+002 9.298074e-003
1.185714e+002 8.303422e-003
1.188571e+002 7.966520e-003
1.191429e+002 7.517621e-003
1.194286e+002 6.910913e-003
1.197143e+002 6.622933e-003
1.200000e+002 6.519064e-003
1.202857e+002 6.196801e-003
1.205714e+002 6.060857e-003
1.208571e+002 6.407959e-003
1.211429e+002 6.599340e-003
1.214286e+002 6.357130e-003
1.217143e+002 6.173477e-003
1.220000e+002 6.108882e-003
1.222857e+002 6.067709e-003
1.225714e+002 6.131567e-003
1.228571e+002 6.302803e-003
1.231429e+002 6.670692e-003
1.234286e+002 7.281458e-003
1.237143e+002 7.973745e-003
1.240000e+002 8.641221e-003
1.242857e+002 8.810980e-003
1.245714e+002 8.205010e-003
1.248571e+002 7.414865e-003
1.251429e+002 6.704970e-003
1.254286e+002 5.956189e-003
1.257143e+002 5.702255e-003
1.260000e+002 6.127982e-003
1.262857e+002 6.600262e-003
1.265714e+002 7.099730e-003
1.268571e+002 7.971675e-003
1.271429e+002 8.697160e-003
1.274286e+002 8.597374e-003
1.277143e+002 8.091182e-003
1.280000e+002 7.797889e-003
1.282857e+002 7.778356e-003
1.285714e+002 7.990428e-003
1.288571e+002 8.573273e-003
1.291429e+002 9.438368e-003
1.294286e+002 1.037473e-002
1.297143e+002 1.141848e-002
1.300000e+002 1.199824e-002
1.302857e+002 1.173514e-002
1.305714e+002 1.134015e-002
1.308571e+002 1.075354e-002
1.311429e+002 9.228960e-003
1.314286e+002 7.675665e-003
1.317143e+002 7.015008e-003
1.320000e+002 6.691932e-003
1.322857e+002 6.286737e-003
1.325714e+002 6.106413e-003
1.328571e+002 6.186216e-003
1.331429e+002 6.105970e-003
1.334286e+002 5.935106e-003
1.337143e+002 6.280596e-003
1.340000e+002 6.891526e-003
1.342857e+002 7.158611e-003
1.345714e+002 7.457291e-003
1.348571e+002 8.207385e-003
1.351429e+002 8.812383e-003
1.354286e+002 9.047050e-003
1.357143e+002 9.489959e-003
1.360000e+002 1.029048e-002
1.362857e+002 1.062636e-002
1.365714e+002 1.043587e-002
1.368571e+002 1.037690e-002
1.371429e+002 1.021415e-002
1.374286e+002 9.456160e-003
1.377143e+002 8.661155e-003
1.380000e+002 8.264453e-003
1.382857e+002 7.615743e-003
1.385714e+002 6.774772e-003
1.388571e+002 6.452340e-003
1.391429e+002 6.422470e-003
1.394286e+002 6.373705e-003
1.397143e+002 6.637336e-003
1.400000e+002 7.199194e-003
1.402857e+002 7.316095e-003
1.405714e+002 6.860689e-003
1.408571e+002 6.354838e-003
1.411429e+002 5.963697e-003
1.414286e+002 5.815256e-003
1.417143e+002 6.144297e-003
1.420000e+002 6.887370e-003
1.422857e+002 7.602794e-003
1.425714e+002 8.069061e-003
1.428571e+002 8.534794e-003
1.431429e+002 9.060974e-003
1.434286e+002 9.499844e-003
1.437143e+002 9.854148e-003
1.440000e+002 9.998434e-003
1.442857e+002 9.560211e-003
1.445714e+002 8.888095e-003
1.448571e+002 8.458544e-003
1.451429e+002 8.109298e-003
1.454286e+002 7.555167e-003
1.457143e+002 7.045384e-003
1.460000e+002 6.852704e-003
1.462857e+002 6.820036e-003
1.465714e+002 6.847556e-003
1.468571e+002 7.050414e-003
1.471429e+002 7.456063e-003
1.474286e+002 7.884611e-003
1.477143e+002 8.184257e-003
1.480000e+002 8.472093e-003
1.482857e+002 8.664691e-003
1.485714e+002 8.659365e-003
1.488571e+002 8.557213e-003
1.491429e+002 8.377413e-003
1.494286e+002 8.133829e-003
1.497143e+002 7.950198e-003
1.500000e+002 7.818854e-003
1.502857e+002 7.492012e-003
1.505714e+002 6.849357e-003
1.508571e+002 6.230891e-003
1.511429e+002 6.016709e-003
1.514286e+002 6.357782e-003
1.517143e+002 7.216492e-003
1.520000e+002 8.433786e-003
1.522857e+002 9.664025e-003
1.525714e+002 1.066174e-002
1.528571e+002 1.160902e-002
1.531429e+002 1.254093e-002
1.534286e+002 1.284561e-002
1.537143e+002 1.223887e-002
1.540000e+002 1.123896e-002
1.542857e+002 1.011594e-002
1.545714e+002 9.010220e-003
1.548571e+002 8.102486e-003
1.551429e+002 7.369380e-003
1.554286e+002 6.748688e-003
1.557143e+002 6.462502e-003
1.560000e+002 6.630646e-003
1.562857e+002 6.841375e-003
1.565714e+002 6.865502e-003
1.568571e+002 7.091305e-003
1.571429e+002 7.571141e-003
1.574286e+002 7.916215e-003
1.577143e+002 8.095000e-003
1.580000e+002 8.677884e-003
1.582857e+002 9.618968e-003
1.585714e+002 1.052230e-002
1.588571e+002 1.136880e-002
1.591429e+002 1.198845e-002
1.594286e+002 1.205197e-002
1.597143e+002 1.149920e-002
1.600000e+002 1.064974e-002
1.602857e+002 9.466295e-003
1.605714e+002 8.035314e-003
1.608571e+002 6.978677e-003
1.611429e+002 6.450701e-003
1.614286e+002 6.235642e-003
1.617143e+002 6.244874e-003
1.620000e+002 6.449683e-003
1.622857e+002 6.790871e-003
1.625714e+002 7.140650e-003
1.628571e+002 7.619628e-003
1.631429e+002 8.144433e-003
1.634286e+002 8.401139e-003
1.637143e+002 8.257304e-003
1.640000e+002 7.980273e-003
1.642857e+002 7.763230e-003
1.645714e+002 7.492363e-003
1.648571e+002 7.336702e-003
1.651429e+002 7.411833e-003
1.654286e+002 7.526554e-003
1.657143e+002 7.683297e-003
1.660000e+002 7.847498e-003
1.662857e+002 7.864443e-003
1.665714e+002 7.644929e-003
1.668571e+002 7.235541e-003
1.671429e+002 6.835647e-003
1.674286e+002 6.444293e-003
1.677143e+002 6.080126e-003
1.680000e+002 6.164039e-003
1.682857e+002 6.693602e-003
1.685714e+002 7.109856e-003
1.688571e+002 7.375116e-003
1.691429e+002 7.878062e-003
1.694286e+002 8.443461e-003
1.697143e+002 8.558168e-003
1.700000e+002 8.372588e-003
1.702857e+002 8.347590e-003
1.705714e+002 8.280713e-003
1.708571e+002 7.932940e-003
1.711429e+002 7.771193e-003
1.714286e+002 8.111032e-003
1.717143e+002 8.179193e-003
1.720000e+002 7.869931e-003
1.722857e+002 7.784352e-003
1.725714e+002 7.793910e-003
1.728571e+002 7.594362e-003
1.731429e+002 7.304501e-003
1.734286e+002 7.074818e-003
1.737143e+002 6.885081e-003
1.740000e+002 6.800988e-003
1.742857e+002 7.093321e-003
1.745714e+002 7.845381e-003
1.748571e+002 8.540749e-003
1.751429e+002 8.737408e-003
1.754286e+002 8.624596e-003
1.757143e+002 8.311558e-003
1.760000e+002 7.865110e-003
1.762857e+002 7.704046e-003
1.765714e+002 7.828598e-003
1.768571e+002 7.795406e-003
1.771429e+002 7.812427e-003
1.774286e+002 8.128062e-003
1.777143e+002 8.410589e-003
1.780000e+002 8.546300e-003
1.782857e+002 8.533786e-003
1.785714e+002 8.282347e-003
1.788571e+002 7.750807e-003
1.791429e+002 7.139139e-003
1.794286e+002 6.660244e-003
1.797143e+002 6.451641e-003
1.800000e+002 6.629719e-003
1.802857e+002 7.163304e-003
1.805714e+002 8.034086e-003
1.808571e+002 9.214766e-003
1.811429e+002 1.041454e-002
1.814286e+002 1.141925e-002
1.817143e+002 1.195861e-002
1.820000e+002 1.186399e-002
1.822857e+002 1.132791e-002
1.825714e+002 1.064654e-002
1.828571e+002 9.993579e-003
1.831429e+002 9.399033e-003
1.834286e+002 8.940847e-003
1.837143e+002 8.528130e-003
1.840000e+002 7.997388e-003
1.842857e+002 7.531663e-003
1.845714e+002 7.225217e-003
1.848571e+002 6.943064e-003
1.851429e+002 6.533959e-003
1.854286e+002 6.355770e-003
1.857143e+002 6.813114e-003
1.860000e+002 7.593203e-003
1.862857e+002 8.458096e-003
1.865714e+002 9.959848e-003
1.868571e+002 1.176619e-002
1.871429e+002 1.269305e-002
1.874286e+002 1.315215e-002
1.877143e+002 1.361957e-002
1.880000e+002 1.342436e-002
1.882857e+002 1.236620e-002
1.885714e+002 1.133384e-002
1.888571e+002 1.059607e-002
1.891429e+002 9.606521e-003
1.894286e+002 8.638069e-003
1.897143e+002 8.349978e-003
1.900000e+002 8.353710e-003
1.902857e+002 7.906168e-003
1.905714e+002 7.507630e-003
1.908571e+002 7.890122e-003
1.911429e+002 8.227313e-003
1.914286e+002 8.100974e-003
1.917143e+002 8.223245e-003
1.920000e+002 8.704784e-003
1.922857e+002 8.818271e-003
1.925714e+002 8.398381e-003
1.928571e+002 8.363030e-003
1.931429e+002 8.661123e-003
1.934286e+002 8.608676e-003
1.937143e+002 8.715638e-003
1.940000e+002 9.517057e-003
1.942857e+002 1.028520e-002
1.945714e+002 1.052468e-002
1.948571e+002 1.070581e-002
1.951429e+002 1.068921e-002
1.954286e+002 1.004559e-002
1.957143e+002 9.174226e-003
1.960000e+002 8.585496e-003
1.962857e+002 8.122469e-003
1.965714e+002 7.635327e-003
1.968571e+002 7.516459e-003
1.971429e+002 7.730609e-003
1.974286e+002 8.037570e-003
1.977143e+002 8.499535e-003
1.980000e+002 9.048258e-003
1.982857e+002 9.258614e-003
1.985714e+002 9.207816e-003
1.988571e+002 9.430841e-003
1.991429e+002 9.813816e-003
1.994286e+002 1.023652e-002
1.997143e+002 1.086040e-002
